






0.353808,0.00786731,3.97199|



0.39385,-0.026252,4.01521|



0.680821,0.00797683,2.25844|

0.299072,0.0204058,3.95961|
0.389908,-0.0368773,4.01343|



















-0.0485397,0.31219,1.24312|
-0.0043224,0.269719,1.37284|
0.00685527,0.238546,1.46231|
0.121771,0.221651,1.54766|
0.217146,0.190234,1.58849|
0.320575,0.175667,1.67719|
0.352351,0.16317,1.75383|
0.387677,0.132427,1.83404|
0.412938,0.115954,1.89182|
0.471858,0.114378,1.91004|
0.445258,0.119478,1.87968|
0.628848,0.132857,1.80315|




0.554812,0.178681,1.61124|
0.401446,-0.0138265,3.96912|
0.459444,0.177816,1.64167|
0.451095,0.167902,1.68723|
0.401928,0.13916,1.78351|
0.247398,0.138404,1.84947|
0.269419,0.138857,1.83635|


-0.155814,0.328416,2.52643|0.102716,0.167199,1.76385|
0.0733566,0.178754,1.72556|
0.724916,0.0805179,3.74038|

-0.192374,0.165238,1.77805|
-0.256713,0.166314,1.78463|
-0.276354,0.181479,1.75517|
0.380205,0.00604856,3.95867|-0.266436,0.176047,1.76723|
-0.316154,0.153867,1.8414|
-0.340707,0.140642,1.93226|
-0.319586,0.129135,1.95576|
-0.306145,0.130788,1.98535|
-0.240605,0.115656,1.99653|
-0.138402,0.115236,2.02865|
-0.022124,0.0972171,2.04703|
0.0306089,0.0933824,2.0605|
0.0558385,0.0861766,2.07899|
0.133978,0.0853449,2.09454|
0.285613,0.0613497,2.12852|
0.336475,0.0674788,2.13062|
0.368799,0.0719002,2.11893|
0.480328,0.0622246,2.11833|
0.637664,0.0541924,2.11623|
0.583785,0.055549,2.11161|0.41515,-0.0384202,4.00349|
0.631301,0.0692388,2.07179|
0.663089,0.0757437,2.0479|
0.695956,0.0694839,2.06077|
0.740306,0.054512,2.07228|
0.7484,0.0469645,2.08717|
0.778532,0.0501709,2.08328|
0.762017,0.0473984,2.10767|
0.689199,0.0406405,2.14998|
-0.16651,0.143027,1.88204|0.743385,0.0474868,2.12671|
-0.101696,0.10245,2.00903|0.730692,0.0452851,2.13406|
-0.114238,0.0917601,2.08387|0.689986,0.0444316,2.15616|
-0.166518,0.0841504,2.13807|0.677344,0.0387876,2.17862|
0.606283,0.0388191,2.19287|-0.175941,0.0597388,2.19351|
0.690017,0.048691,2.14557|-0.197691,0.0561814,2.2271|
-0.183323,0.0516947,2.23555|0.700051,0.074405,2.07748|
-0.0427215,0.0459601,2.24152|0.677152,0.0766022,2.04062|
-0.0780951,0.0520332,2.22643|0.650518,0.0915781,1.97113|
-0.0496222,0.042053,2.21903|0.672281,0.115297,1.87567|
0.00155632,0.0552334,2.1947|-0.273636,0.0625722,2.19744|
-0.169128,0.0643521,2.17365|0.597775,0.142626,1.78395|
0.405517,-0.0278311,3.96787|-0.233679,0.0662223,2.1731|0.605584,0.139936,1.81751|
-0.264859,0.0873725,2.11483|0.663202,0.130382,1.86271|
-0.269266,0.0860556,2.12138|0.688739,0.116445,1.90798|
-0.230891,0.0838398,2.08202|0.675109,0.0934322,1.95698|
-0.166434,0.0816931,2.0778|0.624507,0.0829685,2.01422|
0.643605,0.074071,2.05128|-0.224701,0.094208,2.05298|
0.740581,0.0669523,2.04774|-0.298149,0.0948465,2.04347|
0.656821,0.0508407,2.1057|-0.321551,0.0917543,2.04022|0.412233,-0.0133208,3.99074|
0.707708,0.0485559,2.11073|-0.355199,0.083816,2.04503|
0.407098,-0.0274745,3.99407|0.731278,0.0431827,2.1234|-0.273705,0.0821081,2.0616|
0.720123,0.0387708,2.15032|-0.313611,0.0838143,2.03729|0.399824,-0.0200251,3.98651|
0.640664,0.0334926,2.22236|-0.243045,0.0952014,2.02901|
0.56245,0.0301278,2.26784|-0.198503,0.0936913,2.03345|
0.58316,0.0208111,2.29105|-0.194245,0.0940806,2.03046|
0.641821,0.00473517,2.30325|-0.212748,0.096509,2.00697|
0.698674,0.00712997,2.28524|-0.218622,0.108764,1.95183|
0.664087,0.0028128,2.30926|0.386583,-0.0386199,4.00873|
0.553522,0.00520098,2.33478|-0.293864,0.134109,1.88468|
0.461998,-0.00370371,2.38777|-0.254566,0.142224,1.83521|
0.420343,-0.00722939,2.38148|
0.374343,0.0278567,2.33187|
0.36528,0.0353982,2.30512|
0.305904,0.0305983,2.31876|
0.2056,0.0280827,2.35874|
0.170585,0.00345868,2.37601|





-0.270433,0.074349,2.33462|
-0.304547,0.04364,2.31529|
-0.300208,0.0485821,2.29933|
-0.365545,0.0466292,2.31646|
-0.375531,0.0473794,2.30703|
-0.38459,0.0521849,2.27609|
-0.377415,0.0578911,2.23134|
-0.332152,0.0817503,2.17964|
-0.304576,0.0853146,2.14075|0.525784,0.169024,1.70117|0.406989,-0.0366239,4.01517|
-0.312432,0.0797492,2.15254|0.52592,0.16838,1.70345|
-0.375134,0.082826,2.15714|0.515182,0.166229,1.72436|0.333249,0.0322658,3.95175|
-0.406641,0.0837754,2.15195|0.493628,0.162219,1.74447|
-0.364339,0.0841626,2.15717|0.51178,0.155189,1.75302|0.400995,-0.0484726,4.02639|
-0.336224,0.0775422,2.14916|
-0.308118,0.0855395,2.12051|0.571064,0.146213,1.74978|
-0.293584,0.0902714,2.12341|0.388532,-0.0275189,4.0645|0.576148,0.147817,1.74704|
-0.326329,0.0919972,2.11128|
-0.335152,0.0930896,2.11111|0.593622,0.144608,1.76058|
-0.336277,0.0902262,2.11244|
-0.328723,0.0912815,2.11582|
-0.332117,0.0885966,2.12056|0.598602,0.138317,1.81044|
-0.326792,0.0881417,2.1144|0.578124,0.131882,1.83869|
-0.332582,0.0918,2.11496|0.586769,0.127802,1.85528|
-0.31017,0.0895058,2.11713|0.602203,0.126688,1.88362|
-0.279382,0.0875988,2.11621|0.630327,0.122081,1.9115|
-0.269098,0.0908929,2.10668|0.556556,0.0972047,1.95603|
-0.306236,0.0953317,2.08407|0.54362,0.0917898,1.96928|
-0.319648,0.110055,2.03339|0.634167,0.0993217,1.9389|
0.646059,0.121968,1.90277|-0.370141,0.122239,1.98567|0.407274,-0.024151,4.04371|
0.574022,0.097348,1.9518|-0.372962,0.136412,1.929|0.371784,-0.0022046,3.96762|
0.450131,0.119213,1.93179|-0.355302,0.143743,1.87836|
0.560884,0.123452,1.86104|-0.318833,0.149941,1.8207|
0.554643,0.137676,1.80637|0.390544,-0.0178995,4.01728|
0.395445,-0.0167238,3.99634|
-0.277063,0.17014,1.79572|0.563822,0.167146,1.70586|

-0.293701,0.14616,1.85301|0.506984,0.186884,1.59685|
-0.34831,0.137726,1.90558|0.379527,-0.0207294,4.05297|
-0.345531,0.127628,1.97191|
-0.26177,0.109739,1.99473|
0.401231,-0.0320468,4.03758|-0.225804,0.100728,2.04236|
-0.182219,0.0786455,2.10877|
-0.165867,0.063505,2.14192|
-0.126283,0.0802853,2.14521|
-0.128066,0.0627975,2.15328|
-0.13085,0.0760563,2.14822|
-0.153901,0.082265,2.12214|
-0.182315,0.0891223,2.08861|
-0.19499,0.0941667,2.09762|
-0.183872,0.111631,2.02818|-0.412275,0.113571,2.08028|
