



0.617898,0.521686,3.38377|

0.610335,0.517361,3.38695|








0.41701,0.237559,1.70016|
0.276187,0.238447,1.72817|
0.124709,0.223487,1.77583|
0.0491515,0.223702,1.81055|
0.654936,-0.477414,4.34425|0.0116445,0.197942,1.87428|
-0.518708,-0.468235,4.43606|-0.0151673,0.186099,1.96549|
-0.0571192,0.180146,2.01205|
-0.120169,0.175939,2.05142|
-0.204207,0.169739,2.08617|
-0.145757,0.145606,2.13107|
-0.0477447,0.139451,2.16831|
-0.00499577,0.135427,2.20566|
-0.00269598,0.126557,2.25508|
-0.0178382,0.101926,2.31998|
0.00197511,0.0840618,2.36692|
0.0986056,0.0820429,2.36802|
0.290312,0.0831624,2.36425|
0.366111,0.0717355,2.38331|
0.35492,0.0661516,2.42975|
0.38009,0.0505815,2.47885|
0.446188,0.0455576,2.48951|
0.645074,0.0436231,2.46751|
0.745651,0.0371249,2.43936|
0.794339,0.0402662,2.40748|
0.802907,0.0394121,2.36712|
0.814922,0.06533,2.30177|
0.809477,0.0756708,2.2445|
0.760057,0.0886213,2.18511|0.955361,0.11036,2.22627|
0.791591,0.0901792,2.18795|
0.753344,0.106616,2.17303|
0.741653,0.113887,2.09911|
0.701023,0.128305,2.05153|
-0.218428,0.158506,1.99257|0.695679,0.132653,1.98849|
-0.190753,0.152455,2.04588|0.682467,0.159922,1.9574|
-0.764064,-0.433935,4.42059|-0.153891,0.13626,2.09475|0.680756,0.156954,1.93119|
-0.651029,-0.427787,4.40884|-0.124938,0.124133,2.14653|0.649319,0.162702,1.88556|
-0.178302,0.123271,2.17689|0.631659,0.18085,1.80472|
-0.82276,-0.432979,4.43831|-0.192773,0.122696,2.1848|0.596731,0.20724,1.74849|
-0.808121,-0.437029,4.43846|-0.183506,0.120373,2.19607|0.604506,0.215886,1.69052|
-0.127979,0.102506,2.21347|
-0.060063,0.106512,2.23552|
-0.0141535,0.101993,2.26332|
0.0276028,0.0967093,2.28752|0.660642,0.204023,1.81475|
0.0302431,0.0988421,2.30269|0.699926,0.185595,1.86031|
1.14657,-0.475276,4.27856|-0.00794556,0.0938429,2.30776|0.700983,0.185752,1.86383|
-0.0561862,0.0999535,2.31125|0.641782,0.188696,1.85145|
-0.114937,0.0919586,2.32661|-0.038336,-0.485267,4.42023|0.582231,0.190566,1.8438|
-0.165645,0.0906861,2.32958|0.567574,0.189636,1.84098|
-0.182167,0.090462,2.33177|0.51519,0.18995,1.84467|
-0.792664,-0.465013,4.46963|-0.19482,0.0805905,2.34479|0.542126,0.195205,1.82055|
-0.206594,0.0747766,2.34122|0.576221,0.214628,1.77873|
-0.191131,0.0947021,2.30272|0.60563,0.205815,1.7537|
-0.179069,0.0975668,2.2714|0.604667,0.217282,1.71873|
-0.173022,0.101119,2.24946|0.554707,0.217932,1.70268|
-0.167065,0.11747,2.22709|
-0.218705,0.126013,2.19431|
-0.827073,-0.43988,4.42632|-0.206859,0.1272,2.18845|
-0.183552,0.121859,2.20511|0.513749,0.233847,1.66148|
-0.576962,-0.47186,4.42686|-0.117134,0.112742,2.23813|
-0.526377,-0.470708,4.43844|-0.0416519,0.106362,2.27008|
-0.0426931,0.104167,2.27806|0.4947,0.246853,1.63987|
-0.002735,0.0914432,2.29544|
-0.355131,-0.484828,4.43599|0.00330649,0.096509,2.3196|0.416715,0.238567,1.71563|
0.0135291,0.085977,2.36119|0.405378,0.228974,1.73033|
0.404586,0.232944,1.73294|
0.357703,0.233368,1.74671|
0.26675,0.235413,1.75527|
0.236018,0.234767,1.75413|
0.223219,0.229205,1.7576|
0.154257,0.229807,1.75847|
0.580447,0.0770658,2.31374|0.0436363,0.236859,1.76238|
0.652295,0.0767572,2.30253|-0.0369155,0.234608,1.76808|
-0.751149,-0.442075,4.43649|0.468097,-0.457905,4.32801|0.653348,0.0740743,2.28459|-0.0762151,0.218747,1.7906|
-0.789787,-0.431728,4.42372|0.604608,0.0782924,2.26132|-0.126331,0.211461,1.84791|
-0.841643,-0.42668,4.43649|0.602473,0.0759484,2.25017|-0.16841,0.191993,1.90918|
-0.966779,-0.416346,4.42386|0.642228,0.0821806,2.22353|-0.213192,0.186326,1.90032|
1.01329,-0.466298,4.28162|0.700024,0.0820829,2.21523|-0.256355,0.19597,1.86779|
-1.06012,-0.411495,4.41188|0.782646,0.0798751,2.20707|-0.230789,0.188029,1.90521|
0.68114,0.0843017,2.19131|-0.1743,0.187558,1.9394|
0.70034,0.0853365,2.16418|-0.136749,0.182403,1.96992|
-0.781228,-0.422873,4.43072|0.710643,0.0884074,2.14803|-0.123487,0.175458,1.98869|
-0.0692508,0.169536,2.00355|0.727121,0.0887734,2.1394|
0.720825,0.102146,2.1118|-0.144091,0.17229,2.02765|
-0.795874,-0.432814,4.44372|-0.153159,0.174891,2.02771|0.709373,0.111361,2.07674|
0.772604,0.113132,2.03741|-0.0847203,0.171023,2.02083|
-0.433939,-0.439146,4.40259|-0.0430521,0.167199,2.02858|0.693236,0.117626,2.0212|
-0.0226288,0.168782,2.04748|0.704642,0.136215,1.99357|
-0.0754488,0.159391,2.0736|0.694679,0.139602,1.98436|
-0.691821,-0.452578,4.46065|-0.119302,0.163987,2.09819|
-0.130011,0.155041,2.11338|
-0.59359,-0.456171,4.43051|-0.105305,0.149104,2.12638|
-0.0247302,0.143419,2.14341|
0.0143616,0.142914,2.16175|
0.0469819,0.139079,2.17854|
0.0193528,0.126204,2.18074|
-0.0589545,0.137306,2.19493|
-0.111009,0.136477,2.18623|
-0.126143,0.134784,2.18648|
-0.103438,0.134989,2.19842|
-0.0730641,0.138938,2.19271|
-0.028389,0.132918,2.20492|
-0.0486588,0.123959,2.19506|
-0.00384958,0.129218,2.1794|
0.592908,-0.472732,4.33962|0.100345,0.0864329,2.24992|
