


0.625945,0.529534,3.38982|











-0.765941,0.240094,2.83631|








-0.0378816,0.146857,2.05086|
0.0648538,0.139305,2.10071|
0.0319275,0.132441,2.12536|
0.0196945,0.124045,2.18943|
-0.0220202,0.10529,2.20087|
0.0788492,0.101148,2.20917|
0.222218,0.0952532,2.22498|
0.245225,0.0939312,2.22465|-0.1321,0.226649,3.69124|
0.258281,0.0954186,2.21682|-0.151031,0.221164,3.6835|
0.299477,0.0960748,2.2079|-0.120208,0.227469,3.70423|
0.410787,0.0916325,2.20869|-0.108957,0.224782,3.70292|
0.494457,0.0853164,2.21574|-0.113015,0.227307,3.70843|
0.443432,0.0868983,2.21852|
0.438898,0.0864993,2.21802|
0.455292,0.0863447,2.22893|-0.110352,0.228174,3.69229|
0.399445,0.0826243,2.22509|
0.289901,0.0934127,2.20619|-0.0667499,0.214137,3.67777|
0.232174,0.0968626,2.1776|
0.194398,0.125202,2.10558|
0.191814,0.137352,2.03882|
0.142935,0.143874,2.01466|
0.0869515,0.147279,1.99559|










-0.211046,0.223362,1.72984|
-0.224237,0.229745,1.72176|
-0.291672,0.230191,1.72327|








0.0328693,0.179134,1.89104|


0.144398,0.137399,2.03551|
0.141107,0.131215,2.04284|
0.240077,0.130324,2.05874|
0.370251,0.105953,2.10492|
0.38069,0.115818,2.12135|-0.128842,0.227042,3.70522|
0.370836,0.0918916,2.15961|
0.403199,0.0989779,2.16479|
0.516801,0.094912,2.15922|-0.0941251,0.223786,3.69713|
0.562669,0.0950665,2.15402|-0.130577,0.223201,3.70428|
0.524786,0.0970672,2.15231|
0.475453,0.0961794,2.14769|
0.435914,0.12155,2.08929|
0.417155,0.130722,2.0192|-0.121643,0.223413,3.69808|
0.35253,0.137672,2.00494|
0.257621,0.137057,2.011|
0.266352,0.13985,1.98679|


0.109821,0.165528,1.90102|






-0.186097,0.198919,1.7787|
-0.260814,0.212239,1.78373|






0.629193,0.52935,3.39772|
-0.135637,0.22844,3.6879|








0.0707369,0.180557,1.82549|


0.251689,0.141711,1.97934|
0.250505,0.13702,2.00574|
0.215624,0.129295,2.03744|
0.223707,0.130262,2.04959|
0.347256,0.128873,2.06424|-0.129132,0.221926,3.68822|
0.429923,0.0996521,2.09099|
0.412351,0.112776,2.11003|
0.410302,0.0993531,2.13476|
0.444635,0.0998881,2.13619|-0.134153,0.22493,3.71449|
0.550794,0.100293,2.12918|-0.10173,0.222733,3.70735|
-0.121206,0.226113,3.69781|0.579677,0.116772,2.11202|
0.534571,0.105711,2.10798|-0.0974453,0.220054,3.71779|
0.405046,0.115862,2.10635|-0.107206,0.220013,3.7196|
0.293537,0.126126,2.06428|-0.153282,0.21563,3.7019|
0.227981,0.162348,1.93523|

0.0757969,0.212114,1.74764|




-0.26796,0.340286,1.24038|
-0.0912306,0.227179,3.68501|0.616301,0.531962,3.38692|

0.62965,0.524145,3.40322|
-0.113178,0.224234,3.70765|
-0.111533,0.22557,3.69099|




